"V1" "V2" "V3" "V4" "V5" "V6" "V7" "V8" "V9" "V10" "V11"
"1" 26.574021107886 7.46395283367174 81.5237803876833 262.575839783487 1911.50865204771 16.4321971023959 1.12100637524622 10.3642775345603 0.478943310913977 3.13805018389957 456.658928938629
"2" 25.2288878112475 7.30252303559453 81.4153549026327 266.807049494474 1516.55183063897 16.1747458975681 1.12083827229083 10.1788020285788 0.478943306637056 3.12861619307554 410.215862070476
"3" 24.6860479175146 7.38815948693897 83.7907102362319 270.664749966164 1652.66996123784 16.2762541041858 1.12092988919785 10.2961020622225 0.478943307979591 3.12763312637843 470.307443969092
"4" 26.6362042808268 7.45993304407317 84.8651683935742 272.607483266203 1703.8417893316 16.22455516827 1.1208831758036 10.2663714404293 0.478943311507485 3.1397366193279 501.424485461029
"5" 28.1658186393169 7.56995827655357 88.1202868505284 271.150967006455 1619.33606512242 16.1720483890641 1.1208473035956 10.1954085005996 0.478943309934809 3.14241129768851 509.161646724222
"6" 27.3009334189923 7.61662957806989 92.7305128186991 304.328784591991 1930.45802271095 16.882209187912 1.1209802474333 10.4401203046398 0.47894331576324 3.15564179548059 548.414683551844
"7" 25.6998377066204 7.41033738878241 84.8651683935742 276.746040800561 1740.42606796408 16.4415759720871 1.12098228381152 10.5200962023582 0.478943326417468 3.14572715813313 482.203052246333
"8" 27.3490306831314 7.56265398957214 89.1790525679104 278.192400071273 1628.53511185191 16.2348341418018 1.12092030113949 10.21428968319 0.478943311604607 3.13565724521505 489.481753974457
"9" 26.6192754964463 7.48830424679857 85.7446420893837 271.590200303767 1569.12574612992 15.9440048204294 1.12076654151368 10.1743792146549 0.478943306582588 3.1351848593096 459.552646511365
"10" 25.3295623187283 7.39263346498519 82.5548820417528 263.605268055424 1647.42766257217 16.1950705793154 1.12088521403185 10.3042237321855 0.478943312202488 3.14115722781456 490.207915165037
"11" 28.024711370415 7.68641704398465 99.7013199430471 338.083191591411 2232.2461064014 17.3773314145371 1.12107766282099 10.4376951428702 0.478943320292545 3.14604766566833 511.314838053472
"12" 25.9941521155917 7.4069019904094 87.8869033270497 274.823045145202 1610.78799136332 16.0178967333104 1.12076470633468 10.0583371569411 0.478943298136629 3.12653536093611 467.550107573292
"13" 24.8175508886263 7.31023926238867 81.1568771135116 259.677478512941 1577.27302749749 15.9987945064206 1.12079423897923 10.1257950645987 0.478943304964189 3.13524120512277 496.72959873103
"14" 24.0475214266897 7.27432656135149 78.633672597128 235.011169667806 1663.46412651315 16.6308074233932 1.12089660439823 10.2087441417654 0.478943309704011 3.13885467511743 492.021972958422
"15" 25.3295623187283 7.28021411636322 80.0841454070722 268.673361680715 1725.62295830538 16.3398368472654 1.12090397701638 10.243213439799 0.47894330798458 3.13201024985218 451.835827245301
"16" 24.8175508886263 7.33165152913825 83.0932569295359 268.755318386201 1699.50066050078 16.3882227752015 1.12088491053804 10.2216445302835 0.47894330882068 3.14145167193689 518.294889649477
"17" 26.8597916840987 7.54562246208475 91.4413692542153 300.660953764491 1876.45255435178 16.6164077993584 1.12093400025768 10.2900991543838 0.478943313414049 3.14170797772059 531.643182746453
"18" 24.5530691527271 7.16984847839581 73.6151648921814 267.417362617803 1774.3667871754 16.7115983852367 1.12101464462635 10.4571655372512 0.478943322381461 3.14318547961547 478.186348699756
"19" 24.4185738223411 7.13499585216406 70.4964590818405 202.787059539765 1198.03422474889 15.4804422769078 1.12075373822359 10.210662987103 0.478943310467445 3.14462951597464 536.071252832482
"20" 27.5973548906117 7.52325669035941 87.347389975572 260.879487671692 1762.31020722411 16.2586407551389 1.12080052721244 10.0592588926674 0.478943296759803 3.12800991211355 463.128652794486
"21" 27.1121695646312 7.53115292780709 90.1339335832153 286.947624550641 1672.38108624011 16.1314033908832 1.12089550959738 10.2786824845522 0.478943312380634 3.14047633724442 491.296579997953
"22" 27.2955782435123 7.62641205247244 95.1910752487592 318.960189352575 2079.80917586766 17.1030688226918 1.12106018730518 10.4157512457578 0.478943308609068 3.12726668551647 456.473695378962
"23" 26.2874420490814 7.45787314225832 87.2549262794137 287.382500273786 1723.76277427899 16.3925329565381 1.12085574130593 10.2222436460377 0.478943307949645 3.13687423763839 488.210229022301
"24" 24.869747659381 7.230245643067 77.9857820669189 245.243944825629 1612.77379917885 16.2917259627425 1.12087502359512 10.2514875162279 0.478943308819869 3.13575846938946 433.709453315883
"25" 25.9406174122593 7.40570790664434 85.0842732573669 275.085946909995 1697.33004624613 16.3260314118148 1.12092629618637 10.3299605524563 0.478943315724115 3.14730296523126 510.417991109471
"26" 23.3642938858854 7.15691492567673 79.302591768515 256.755878684577 1666.37964756077 16.6381043862916 1.12106075471404 10.3655640928982 0.478943316386056 3.14278339002686 485.664328864647
"27" 25.5776561397809 7.43249963270896 89.4170608156247 287.498295088398 1854.21326447346 16.5335964538684 1.12092309785497 10.3190052114188 0.478943318498169 3.15099819245665 549.293299000495
"28" 25.0506608795951 7.25769200963858 75.9220640605941 241.246012310721 1566.14604241505 16.2989938441502 1.12089810745169 10.2677935407286 0.478943311971756 3.14040007168426 536.601916378116
"29" 26.8153872626689 7.35309130130323 90.3664773765428 304.59021093277 1842.31796057565 16.4517747581055 1.12088192969072 10.1887116094941 0.478943309489912 3.13956197044445 498.898041063646
"30" 27.6130460384337 7.58749006298191 92.1070371951943 298.570692607711 1845.47774025545 16.6416198548022 1.12093840647836 10.2745436908685 0.478943309859365 3.13942945710513 507.545041188609
"31" 24.9605461835542 7.38240901333582 72.2054585791471 307.705434625771 1974.68006251736 16.7944347041787 1.12095635850969 10.2802932073515 0.478943310308707 3.13893838507563 505.207337256459
"32" 25.2856202447198 7.23223841595159 75.0053927540078 274.587119176931 1655.81834651897 16.5034134220527 1.12090884564026 10.2631510994887 0.478943311706643 3.14361714672167 499.620255362022
"33" 27.0030498345004 7.44381801567129 95.705998725809 287.745007244402 1633.1111338549 16.2140783004847 1.12081883832934 10.224910096542 0.478943309485935 3.13860307002028 488.028505239188
"34" 24.7585546452332 7.36982630474829 84.9604951396833 282.2760633777 1851.05366386539 16.7657818030451 1.12096876526956 10.3418228929769 0.478943316400087 3.14457149037865 507.545041188609
"35" 26.511530680243 7.42942096317868 84.0893664177311 263.74095883341 1780.2862389614 16.6932874248034 1.12092487417306 10.3222985543678 0.478943311888312 3.13926288473691 500.703016824214
"36" 26.7036943152931 7.43369691924303 85.9960847910325 278.619362845816 1849.34993082503 16.7017985270118 1.12095688538295 10.3783312497926 0.478943318113119 3.14577797035855 497.994852007812
"37" 26.2932381437368 7.36476913864301 82.8108155840694 263.701631113928 1719.3447406995 16.4132837304833 1.12095107765719 10.2896921463573 0.478943310826225 3.13445645018149 475.808299266083
"38" 24.9476171252198 7.32339136507309 80.468554945905 255.348753536805 1545.61216651246 16.1380941743674 1.12084482440192 10.2131818951032 0.478943311858722 3.14476013679314 543.134486066258
"39" 25.4045230830166 7.44105330652795 86.9214953935445 291.886364035604 1852.91226028322 16.6467756330064 1.12090455550499 10.272000331098 0.478943310280752 3.14016056433186 506.286661523393
"40" 27.0795307973298 7.56825592970519 91.1023904816774 305.527623941572 1921.66480260587 16.92465449771 1.12094953444672 10.3046015356713 0.478943312496184 3.14309988824798 494.558442827628
"41" 23.1170014134599 7.23648592091986 84.8689833513291 270.841774316859 1785.22926522499 16.8334476988894 1.12096106660696 10.1802925315416 0.478943304597707 3.12894997835335 498.898041063646
"42" 24.6860479175146 7.26390161965438 78.12378079855 250.427685607199 1648.01704339577 16.4946842105457 1.12091422483772 10.3050834499904 0.478943321031234 3.14645104866216 516.865288750551
"43" 24.6794343611836 7.38661262264452 85.1750973023186 269.463232899571 1863.27352624467 16.5833724111359 1.12090164853066 10.2408561387565 0.478943307360478 3.13789687341095 499.981250429482
"44" 24.9476171252198 7.33115279633317 81.3157243753543 254.551236723727 1642.12312127958 16.6410072473475 1.12092858380377 10.3122972992311 0.478943313584752 3.1430957312009 491.6593147784
"45" 28.6192376342826 7.73489392343431 99.824606141743 330.158573564561 2049.49164249136 16.8332305988604 1.12098280855862 10.3524808320593 0.47894331176385 3.14084303296351 515.971213108631
"46" 28.8164920875103 7.57814357617091 89.3902400941556 257.06196254152 1455.05587329379 16.1793565596082 1.12089481660985 10.2760654001282 0.478943316942628 3.14078842438187 530.756302805927
"47" 26.522915595852 7.35042645220362 81.028100952011 248.637548728753 1478.88141909512 15.8719747463197 1.12081122162505 10.18711685603 0.478943309641509 3.12982061218378 412.88732548844
"48" 27.2955782435123 7.59446640688225 92.7419408968688 300.399997164929 1848.57550049504 16.5056347262613 1.12088473193828 10.333734932409 0.478943318673409 3.15566623706239 577.721465097211
"49" 25.4542412102495 7.37222577209686 83.1515831115711 274.351110208713 1684.92589638958 16.2845859092533 1.12086677487588 10.4020997434141 0.478943323182873 3.15421276216284 541.371155592184
"50" 25.8208153507667 7.45817081596975 86.7907833435665 262.632964103037 1572.67957488224 16.1404534074098 1.12091575003162 10.3005067679118 0.478943315084293 3.14249170274085 478.003542181177
"51" 26.5456546784497 7.46785871115292 86.0775524677916 275.848939633403 1768.18365143508 16.5516568027397 1.12092696022316 10.3625860066723 0.47894331699576 3.14198290818893 509.700188592359
"52" 27.1934064897901 7.44701000833883 84.783585976144 237.456892379335 1646.2954238957 16.394601845054 1.12088897665728 10.1958918468301 0.478943308963992 3.14954982856767 459.552646511365
"53" 27.0140036157663 7.52329808165796 87.7505766072876 289.50553842564 1791.70608579308 16.4465102835485 1.12091510656072 10.2590978221536 0.47894331120378 3.13854881154414 498.898041063646
"54" 26.7093023202744 7.51545584092717 88.0105844231518 284.906366895095 1802.90815398716 16.65044583437 1.1209288732354 10.2970832363886 0.478943317705612 3.14538198119451 519.723362370393
"55" 25.9286893214606 7.63292587646194 93.6690139241087 303.321154446434 1795.70360041779 16.3716592751773 1.1208713067868 10.2876557752067 0.478943313960741 3.15505525101737 603.70339602172
"56" 24.6860479175146 7.31379678386997 84.588163051498 287.91386025163 1829.95702058307 16.5250530140639 1.12092675279592 10.3365671339141 0.47894331572542 3.14472341942218 508.26371427488
"57" 26.5286042058854 7.53135828688206 86.8365531249192 269.739951044255 1607.49893258186 16.4654960359736 1.12094440458342 10.3399064420442 0.478943314299333 3.14206791200897 505.926960031232
"58" 25.3546007233089 7.21412100667304 74.7004069116355 274.4362377746 1738.783075013 16.5308272409172 1.1209169250206 10.2904273220947 0.47894330996933 3.134958209168 423.335029822132
"59" 26.9591409033627 7.5296217121334 81.9970252553018 283.47220006168 1944.76146129753 16.9663489790699 1.12093779658245 10.3091682169819 0.478943313499167 3.14168347906592 501.063788320273
