"V1" "V2" "V3" "V4" "V5" "V6" "V7" "V8" "V9" "V10" "V11"
"1" 102.487630757448 5.16734199405803 5029286.59289907 7499486367.00365 10977201.1351853 18482.3112652248 4245.33340954811 161.129122504095 11.1275145197872 3.61296426415445 0.637866279259559
"2" 89.2184179730842 4.93255421577853 3506583.39668731 761703282.851736 1770202.76838301 13463.8163600853 3491.69015336382 148.277703107522 11.421278989317 3.71125833198699 0.63787128955358
"3" 73.7853928726467 4.96294961805936 2220438.43990909 2339642938.75079 5057859.99899666 16903.3265841368 3782.7290319173 151.417289287179 11.0633544206208 3.62624961882497 0.637866279259559
"4" 116.356483902232 5.04581915967354 2880611.5724136 1339892136.88179 4981873.33523452 11094.7675061158 3100.69070783154 131.177470400726 11.0035196550299 3.66649305019977 0.637899958513374
"5" 98.8727770599577 5.04247396653612 3443091.51732672 3376595030.0494 7218778.49220256 13879.6486235366 4215.57539916238 168.601867566482 12.0394542615977 3.73185274206938 0.637914376690156
"6" 107.624074394863 5.18070248078519 3590670.9868885 3168415661.08903 2854196.14138985 7223.17875000492 1868.38940672476 102.69074618548 10.0427784483901 3.5803117201439 0.637873328829367
"7" 102.949384354723 5.02326804176385 3178553.63855435 4541869983.08868 6947997.10276235 18264.4299277882 2861.72350671922 137.988679040903 10.9723264926534 3.70027901879286 0.637917905489175
"8" 90.0836064926502 4.96977262873952 1663284.3890424 334235572.123307 864762.608544434 5913.51600705131 1842.0324321448 111.74124871992 10.5762774047463 3.62754769321479 0.637889215742251
"9" 105.812177562735 5.10961362159017 3241378.12717064 6759873015.00235 7840159.11735218 18561.4444690174 4082.71861551756 161.508488805199 11.9997677829818 3.77995640867979 0.637908449578927
"10" 77.6856989591835 5.04553885584525 4158543.29051183 5606573606.66471 7339725.05846013 13723.1700618928 3089.61802673617 126.027729834679 10.3693991737242 3.57882723191493 0.637874654348294
"11" 100.630043932812 4.99838053143289 2554927.90261836 3900780607.71826 7305771.30420072 21090.359130415 5377.32727423071 201.397366678817 12.7044408977755 3.762822763739 0.637906282002119
"12" 69.0768903876251 4.86919334280093 2013388.00284566 5392920272.90272 11994546.5317101 29723.4259535257 7418.78458895024 241.99452993841 13.8341009552488 3.9915694063482 0.63796738451889
"13" 98.2835322148206 5.01644350891869 3215353.31939565 6104929711.75427 11034770.8269361 26378.6026792055 5402.52716698181 180.253351333273 11.2639054672285 3.6860797225436 0.63789601044204
"14" 90.8218930425643 4.99098186428756 2357861.22073205 3142922031.49821 6353975.43791524 17164.5508737212 4166.1500622218 146.909169149829 10.803452508128 3.68368039922307 0.637912811129843
"15" 93.7455322348932 4.97428988261276 3505165.14386658 5640637952.32746 7542859.77567488 18659.6246375594 4255.62875290818 165.90440243492 11.4532570421342 3.73200838425119 0.637906650497011
"16" 135.129171379359 5.18973339367844 4536067.05430172 7195751344.12369 10721992.3057249 26726.4120023813 6290.65300987863 211.104272434161 13.1787457545994 3.93819768383641 0.637963123393529
"17" 150.769522333793 5.26640257752252 5732720.4479972 7403569645.5105 8065913.28043777 19994.1285576273 3707.67869942964 140.243963302907 11.2267595908191 3.70062481334735 0.637907738497355
"18" 91.0673200242298 4.95831963432929 2606865.43826484 3480495624.33707 4719914.26133007 9923.53515515159 1854.75754384001 93.0067487191477 9.8463386530011 3.5411311272453 0.637934795638348
"19" 114.17772294777 5.06939046345588 3108500.75313813 5309353333.93541 9475125.58419248 20199.071047004 4667.65273455708 165.836699261105 11.6395323490102 3.62844321284489 0.63787128955358
"20" 95.6694238434152 4.98105096651352 2495439.33997 3391707947.26082 6768112.83342512 18088.5023994665 3739.79587877702 165.595907860337 11.9434910824768 3.72579049881284 0.637880303616814
"21" 94.9502590860723 5.06172113475004 3537512.85849013 5211546945.04462 7313826.69450357 16541.7502841637 4237.69403646078 164.661819675141 12.0071581754643 3.75540320552517 0.637894154564257
"22" 102.02482947282 5.08529069987847 4084347.88671545 4031453669.60022 6508954.97437487 15477.0012873319 3369.73482787518 148.748575520208 11.0882388513421 3.6112056565561 0.637851533589578
"23" 82.2664611449402 4.95742850120832 2806515.97823497 4852375753.91377 8272234.48477511 21450.798421827 4857.16553735937 177.187731528281 12.1620556260104 3.68965169516124 0.637907378712462
"24" 96.8620440342338 4.96664799092715 3386524.00827409 6377328418.51979 8165732.55602749 22317.302915158 5128.31350359515 175.574872356292 12.0450915726606 3.61535605553761 0.637875307190914
"25" 80.9709615988735 5.05883010464251 4377122.15443124 7195751344.12369 10775531.5861879 25753.4771022926 4912.93759763454 154.975005908452 11.4719509103066 3.7861252269522 0.637917905489175
"26" 63.3230714914572 5.10828224945071 3950617.8481189 6881472195.11677 9092006.61768724 21024.9265099932 4460.81497478599 178.45785080122 12.1963647767223 3.79747112753544 0.637902827865809
"27" 95.3101819121684 5.22965774787359 5985674.53276028 9310557528.44001 9202721.11905868 21714.895004848 4462.86824710119 151.680268824186 11.6116041565602 3.77105142902713 0.637926419656244
"28" 106.039514051015 5.08447040043061 3571287.48454233 7417074862.85367 10094631.1528461 20922.3624588846 4793.67262099041 167.995260719627 11.9508857994713 3.80064188904312 0.637938607882222
"29" 100.513374095636 5.04434592074914 3844854.7060453 5805627993.10952 9545224.85674606 23563.0664562939 5243.38568324108 182.401435161008 12.5120137881265 3.83437083868434 0.637900795540222
"30" 122.773583953024 5.19440791319166 5699753.79603813 10525911894.1281 14881848.0917316 28810.4196452976 4667.8125168983 161.963366449725 11.4870232722945 3.69226297382317 0.637885480957754
"31" 92.0457326612522 4.95396558335075 1208928.18902889 2015141303.51809 2616419.99233017 8383.53153990709 2177.88679254304 118.087013073771 10.7110693692392 3.67199668470565 0.637911842994564
"32" 104.557404855808 5.05078410383136 3679198.71565847 3912791541.60981 5222297.92113851 17905.3095671281 4264.83757789319 144.22306999858 11.4561301028187 3.75834185979012 0.637890239421506
"33" 91.1899091724574 5.0331724190859 3607230.9323212 6864411463.7549 10482004.589088 17586.5432971816 2882.4605720725 148.919688096982 11.7174121629405 3.77036933025248 0.637892719084203
"34" 103.525117245126 5.07438067253316 3903091.77347331 7274420218.82858 6744263.00578154 15598.8737889879 3503.41222935598 132.053893364167 11.4473893349254 3.74180332993178 0.637895552546263
"35" 140.110814488646 5.17134732791432 3645196.68581488 2071138824.6964 1399703.19226679 7013.82072324251 2162.395210457 116.157163498826 10.6465035790332 3.65885979853407 0.637906282002119
"36" 88.846333621758 4.97896011379635 2794845.44764554 5534017670.35034 9925405.02754773 23496.5097214742 5376.00180163876 192.568486222051 12.5362381545552 3.73448762794152 0.637909495440027
"37" 146.938934062047 5.21473698747776 4417563.5759217 3919757347.59584 5160260.49012806 13178.6982771337 2547.69895527538 126.984385147299 10.6902837616454 3.62996961736461 0.637872655966338
"38" 101.677035267121 5.04548277742221 3040821.5317225 8564767826.02819 12075955.6540777 27030.0248472031 5478.47418657677 188.752651131146 12.393764796797 3.81806936037279 0.637940603817944
"39" 126.439758553012 5.15542419718626 4440711.8727458 8220259704.75144 11617723.4086734 21927.6390817255 5022.36431167242 178.067908610034 12.0085548124841 3.71905622419458 0.637910852409125
"40" 98.2835322148206 5.0604684624094 3704042.67500159 7535367346.51759 10591502.4373783 23605.8892475175 5458.33921889173 185.083811547901 11.320024419266 3.65783118343286 0.637892232015793
"41" 98.6372912829605 5.13005355271316 4175594.39887892 6609819704.57282 9371794.25331972 22616.4648254097 5317.10328243518 192.4678969673 12.6869310932614 3.86897726650309 0.637936287582462
"42" 92.8975829889189 5.03591996594868 2907573.49899942 6852581591.67033 7510063.59383963 19205.5641137259 3498.51444049531 130.898415083242 11.0398425845048 3.57938472305705 0.637845921393525
"43" 122.351090442077 5.16864347428629 4568251.59724073 7316462930.20333 10107006.0918916 22598.5053101295 5240.42272570613 186.699822697745 12.2721558690376 3.77117527556322 0.637924354926694
"44" 88.3490022308483 5.13227260861456 5272199.94899534 11323156845.1617 12211414.8868833 20347.6430073341 3290.61137652078 145.630671083775 11.6315262744322 3.66714259502254 0.637900378788286
"45" 122.351090442077 5.15614147948116 3785642.30717514 4307254852.31766 4009146.42793603 10537.7244649905 2210.40563234058 117.108656786007 10.8246981126777 3.61252553227576 0.637873328829367
"46" 112.75025053113 5.15524187428365 4373291.44918639 7851859919.74663 11474040.324849 25855.9170851037 5273.20372451874 181.99583896989 11.7815337415734 3.76458848860708 0.637933400991961
"47" 110.090699016802 5.07966648244425 3282691.23771133 5354783263.24544 8814485.29930356 19042.4985792934 4194.41922262102 159.231949578814 11.3715737695006 3.72571826844817 0.637912168165593
"48" 106.493453839085 5.12182409699443 4227979.16786591 6428678825.78188 9009983.53414504 19605.8088505675 3744.77813099458 144.407591815973 10.2817263783957 3.63073989395 0.637897802818844
"49" 110.869711220232 5.07648807881836 2459789.91905476 7934549461.45277 11896384.2412071 21607.2713442032 4582.21192216678 152.773225441352 11.5509923331703 3.63716323405091 0.637889215742251
"50" 118.51490029013 5.19883128760206 5374548.88325443 7990373477.54925 11283408.3302589 25753.4771022926 6088.64479214436 177.751346939665 11.4116450442445 3.70098590259915 0.637888696853211
"51" 127.994637532421 5.1848659396094 4958531.14761377 7612596569.4771 10930086.643382 22529.8387931381 5030.01797368454 184.592701431796 12.1019073977066 3.70547112910816 0.637895552546263
"52" 84.7002425446766 4.96345617703902 2844051.59761413 5284583149.36395 11284511.0730288 25800.1713017288 5246.84300993807 179.959987289905 11.9484561832196 3.72813566706538 0.63790439432729
"53" 93.1402491766697 5.02669155903684 3049152.40583466 5036864607.0722 9790256.83725722 23790.9872067741 5629.3353444004 197.588262312737 12.5770762049566 3.83471821757438 0.637922411556332
"54" 138.228472371637 5.25620070996873 5037816.38321036 6381371667.59037 9306885.35814689 24178.7685577017 5608.22194230503 192.758842965483 11.1791305123763 3.64772568011108 0.637890239421506
"55" 97.2183932216821 5.14901650953485 4056507.32548394 7602912020.59136 11752315.3868986 25332.9943854898 4756.38641098646 150.797958310808 11.6350378162086 3.71293678202899 0.637895090634245
"56" 107.059514505861 5.08447040043061 3853464.22389768 6548732954.8455 9488524.64672292 19677.015000545 4330.6958198146 159.09100084924 11.4872511885691 3.74944953504669 0.637930791272555
"57" 93.7455322348932 4.98580429702029 2772362.45065192 5919370228.06941 12485668.2344573 27378.4234187244 5797.78898710864 195.238970900348 12.4861392898507 3.77095231386835 0.637889729911872
"58" 97.6925080620506 5.02259533860124 2763398.7651754 6197716080.0821 9406326.47057678 21348.2435073151 4411.13683391118 161.258137881483 11.6858188013748 3.74126910687877 0.637917052115446
"59" 92.7761305829652 4.99990919362665 2720974.72688281 7330350359.47981 12106426.1895164 28428.2689954349 6350.40806970874 203.095733818309 12.5984213132676 3.81182616259406 0.637922161071433
