"V1" "V2" "V3" "V4" "V5" "V6" "V7" "V8" "V9" "V10" "V11"
"1" 27.4399190784929 274.880403176379 7.87220893665476 0.894889284312502 1.26446913344877 0.663070636348515 0.304021388694379 0.429310814816713 1.04867186278533 0.475608286845219 0.532653714721993
"2" 26.533596675591 251.615668268285 7.72823895929682 0.894851753464681 1.26405785787004 0.663067977464009 0.304021388689923 0.429310810379603 1.0485669368563 0.475608263991679 0.532653654809558
"3" 25.8391706617787 252.267280665266 7.80121807678581 0.894877466346151 1.26446471434147 0.663071062844701 0.304021388695664 0.429310816224962 1.04870687469615 0.475608291584079 0.532653757154356
"4" 27.7156584068566 274.880403176379 7.80514282407458 0.894860981386368 1.2641549974989 0.663069316031941 0.304021388693675 0.429310814912721 1.04870402923233 0.475608293112812 0.532653811949424
"5" 27.8176799696015 284.472999452751 7.93430334716007 0.894914302023873 1.26467726924485 0.663071591912958 0.304021388696326 0.429310817843691 1.04872432446612 0.475608296838525 0.532653833346484
"6" 27.1016602904444 266.447454953575 7.85987114657177 0.894898929996935 1.26465364701941 0.663071595521362 0.304021388697623 0.429310818757954 1.04876820047818 0.475608298533754 0.53265379919195
"7" 24.9729130611337 232.785075498495 7.6665910722615 0.894854266206284 1.26449927206772 0.663071193345173 0.304021388695252 0.429310816693824 1.04870843496735 0.475608270294112 0.532653585330709
"8" 28.1260335572167 295.713484688758 7.98384039873569 0.894921535878672 1.26476836037076 0.66307163328006 0.304021388696336 0.42931081733398 1.04869578636722 0.475608284968485 0.532653756616881
"9" 26.8642020918445 270.005000563098 7.83117893157066 0.894875182086718 1.26430617240214 0.663070021133309 0.304021388695405 0.429310817060499 1.04872749692044 0.475608293906455 0.53265373720372
"10" 25.6656959259536 240.125318976355 7.7017634284584 0.894853570694641 1.26416391795751 0.663069229165752 0.304021388694199 0.42931081616599 1.0487277284457 0.475608304265833 0.532653868602921
"11" 28.2383191366248 288.062242700015 7.97786132939634 0.894929243608405 1.26490173744421 0.663072921483932 0.304021388699202 0.429310819393503 1.04875602673787 0.475608297232289 0.532653824141663
"12" 26.6446943747263 263.440538048117 7.80293478761789 0.894874723669192 1.26435726527784 0.663069663054311 0.304021388692029 0.429310812337407 1.04859506903208 0.4756082687988 0.532653672474752
"13" 25.1970145156115 250.243238523424 7.80244012967274 0.894876719779658 1.2643796999549 0.663069901293866 0.304021388692473 0.429310811930912 1.04858140283019 0.475608263112105 0.532653555939254
"14" 25.1723060491215 239.203983981117 7.70008192756259 0.894854877754505 1.2641352198824 0.663068591266707 0.304021388690557 0.429310810246954 1.04853633898074 0.475608258202967 0.532653607950502
"15" 28.1987896889224 282.472512713874 7.8561792051437 0.894886415273575 1.26443916542024 0.663070317507886 0.304021388694109 0.429310813586199 1.04860279211479 0.475608260717097 0.532653616022321
"16" 26.3765098229814 266.221851581518 7.87724865556885 0.894895874928543 1.26449188044137 0.663070669082406 0.304021388694607 0.429310813112654 1.04857295994806 0.475608257449931 0.532653553166466
"17" 29.0443429230028 310.424371866576 8.05156060778494 0.89492880088724 1.26484098110271 0.663071516134708 0.304021388695486 0.429310813648775 1.04858327277536 0.475608265183839 0.532653667612677
"18" 26.3990631824998 249.081043822167 7.7134855095444 0.894846571679459 1.26397921399882 0.663068249221686 0.304021388690755 0.429310813350787 1.04864738856452 0.475608288519116 0.532653794491978
"19" 24.8466997942086 229.499704949724 7.66119880351196 0.894841071258918 1.26415130715429 0.663069035156812 0.304021388691045 0.429310812022348 1.04856782638474 0.475608257166428 0.532653592161848
"20" 27.9525716268219 285.029857860646 7.91484442202199 0.894901292405606 1.26451289829259 0.663070886236712 0.304021388695286 0.429310814870035 1.04863926912844 0.475608275217171 0.532653693906766
"21" 28.563562298404 294.569985436601 7.96639506987925 0.894910413622367 1.26458956624907 0.663070699576573 0.304021388694348 0.429310813446464 1.04859522070248 0.475608266675977 0.532653644542091
"22" 25.8860886496737 249.475576904057 7.75042437604318 0.894861403493567 1.26420747263654 0.663068918796453 0.304021388691228 0.42931081078307 1.04855160485107 0.475608260811905 0.532653668311203
"23" 28.0328941929809 284.88387491036 7.91257351941531 0.894898428338116 1.26447941633147 0.663070339079516 0.304021388694108 0.429310815462707 1.04867063258547 0.475608291865458 0.532653807912118
"24" 27.2859076298028 268.631517943105 7.83145067630572 0.8948821677323 1.26442165331871 0.663071003431972 0.304021388695962 0.429310816417238 1.04871568821128 0.475608303889283 0.532653885473871
"25" 28.1194009186412 296.977309703842 7.96963217312721 0.894917160066146 1.26478541641965 0.663072282356501 0.304021388698209 0.429310817921675 1.04871940089974 0.475608288450786 0.532653758226525
"26" 25.8470019011197 254.929540399174 7.8171162868592 0.894878501351803 1.26429441463929 0.66306954369742 0.304021388691888 0.429310810559108 1.04851388023787 0.47560824105534 0.532653500127091
"27" 27.398084812251 269.313523019462 7.84803201615026 0.894884294716694 1.26442685644899 0.66307130178662 0.304021388696445 0.429310817552737 1.04872188524918 0.475608297002281 0.532653813282164
"28" 25.9406168596136 251.34916081677 7.7667287172072 0.894866037364115 1.26427886910681 0.663070358395914 0.304021388695607 0.429310817403328 1.04874428749093 0.475608296609014 0.532653792590144
"29" 27.6540884598114 282.666089291604 7.89655705352996 0.894895476046705 1.26452138192176 0.663070651213027 0.304021388694291 0.429310814029171 1.04862516223528 0.475608268193225 0.532653616820716
"30" 27.5784675803553 272.588653692348 7.8628607516687 0.894888271270929 1.2644692115671 0.663070577710123 0.304021388696246 0.429310816445523 1.04868709091499 0.475608284057991 0.532653830867769
"31" 25.610015954228 251.00229098856 7.81479226585207 0.894879549794251 1.26437374632386 0.663070265294741 0.304021388693853 0.429310813821348 1.04862218637004 0.475608273244862 0.53265368601913
"32" 27.2647731102288 264.574645950921 7.79617762705115 0.89487104987869 1.26446134397106 0.663070203533106 0.304021388694601 0.429310816269358 1.04869323783353 0.475608293188653 0.53265375553914
"33" 28.4408348453459 294.557759990533 7.96159097970385 0.894910248877187 1.26461304995622 0.663071253090406 0.304021388695936 0.429310815804714 1.04868119630013 0.475608285756203 0.532653753915519
"34" 27.201175375301 262.179781578946 7.78712987907679 0.89486702700117 1.26425708363419 0.663069668323377 0.304021388693326 0.429310815138075 1.04869963243175 0.475608296017061 0.532653817241886
"35" 26.4365683781048 255.765885583507 7.8751974256913 0.894885229123099 1.2643591727438 0.663070466501037 0.304021388695467 0.429310817017668 1.04874034891121 0.475608294749386 0.532653853503776
"36" 28.4473203059322 291.029219187003 7.95255396448258 0.894911417526418 1.26466908147448 0.663071660430921 0.304021388696358 0.429310815822337 1.04868924265414 0.475608287865423 0.532653764057905
"37" 26.9942335353412 258.466396446077 7.7622137414769 0.89487050555283 1.26431136540645 0.663069850557407 0.304021388694043 0.429310814998308 1.0486531242704 0.475608279540424 0.532653807912118
"38" 25.5780923177449 240.135841205927 7.72504553737707 0.894852461451566 1.26405349796371 0.663068776197335 0.304021388691337 0.429310810273151 1.04855350513259 0.475608266153228 0.532653637793436
"39" 26.1258884053906 251.863972668396 7.74709488719484 0.89486042915254 1.26418018281368 0.66306896236837 0.304021388691153 0.4293108115752 1.0485778401126 0.475608271969564 0.532653671784097
"40" 28.5699928160788 284.648761323809 7.90540859867037 0.894891918234177 1.26451427054144 0.663071397033019 0.304021388698028 0.429310818252839 1.04874948364775 0.47560829900223 0.53265373720372
"41" 25.1970145156115 245.133754217925 7.76288487431203 0.894874967767103 1.26431938238267 0.663069792988161 0.304021388693006 0.429310812773535 1.04861753662143 0.475608276935929 0.532653610388943
"42" 25.401104595991 235.678006822906 7.6677150375396 0.894837942957346 1.26393065523077 0.663067964334092 0.304021388690777 0.429310811652058 1.04859580670154 0.47560827645976 0.532653756616881
"43" 25.4092018292563 249.182294014118 7.77466475436669 0.894870215338309 1.2643036559361 0.663070015701715 0.304021388693137 0.429310812409267 1.04860811343713 0.475608272620679 0.532653699068885
"44" 24.4603662924226 221.698798132477 7.65579979763191 0.894837642312713 1.26400416232127 0.663068798175264 0.304021388690845 0.429310811427087 1.04858000598433 0.475608265374782 0.532653664100126
"45" 27.8717911727387 280.748079659873 7.90735268921418 0.894899796541093 1.2645657681509 0.663071094745021 0.304021388695458 0.429310815367819 1.0486577479944 0.47560827821259 0.532653711029917
"46" 27.4816281510679 278.94006652234 7.90607590056553 0.894900399624383 1.26453849377174 0.663070592514321 0.304021388694036 0.429310814350558 1.04863544085294 0.475608267551122 0.532653642305612
"47" 26.0567136443791 250.52830346835 7.72649514541552 0.894854605703927 1.26415181498674 0.663069019840277 0.304021388692641 0.429310814129648 1.04862678930316 0.475608267955918 0.532653548506358
"48" 27.0014214860367 274.283653012729 7.88466804985701 0.894895057679309 1.26455432686103 0.663071214486489 0.304021388696115 0.429310816816582 1.04871239155263 0.475608299973776 0.532653910264493
"49" 27.0301357478497 262.159387920317 7.79498034665305 0.894871471938836 1.26434886604072 0.66307052088077 0.304021388696877 0.429310819041478 1.04876857776428 0.475608302077468 0.532653890724785
"50" 28.1657647094337 293.50079412223 7.92982973163905 0.894907275872086 1.264708649751 0.663071759849264 0.30402138869767 0.429310818349524 1.0487369188596 0.475608294700071 0.532653785344661
"51" 28.2711770740761 291.414669601195 7.9797195928997 0.894920028121024 1.26474646284862 0.663071767183532 0.304021388696887 0.429310817021841 1.04871082278976 0.475608294118975 0.532653821144733
"52" 27.5784675803553 264.907427771763 7.75548185373808 0.894865068411719 1.26425428278211 0.663069725812202 0.304021388694217 0.429310815373842 1.04870997380215 0.475608304377462 0.532653885805652
"53" 27.4259882790182 277.92714367058 7.89049054118027 0.894894431530352 1.26454063545641 0.663071156836278 0.304021388696605 0.429310816772578 1.04870992701831 0.475608292575676 0.532653761420945
"54" 26.0644174935912 258.392088344058 7.77814018820955 0.894868659873816 1.26425362574252 0.663069250570874 0.304021388692325 0.429310813383193 1.04864886541959 0.475608284122487 0.532653729097787
"55" 27.1940908831903 271.272745708899 7.85099151927188 0.894884401463538 1.26437016503731 0.663070172545271 0.304021388695871 0.429310817807557 1.04872202913681 0.47560831064975 0.532653912035966
"56" 25.8470019011197 249.952871171412 7.79863068252257 0.894888636615795 1.26452430202788 0.663072444565789 0.304021388699722 0.429310822023567 1.04884638908136 0.475608310119588 0.532653839441977
"57" 27.1016602904444 267.080807022196 7.81102154510687 0.894879251559202 1.26438248548905 0.663069932873145 0.304021388693015 0.429310812222488 1.04858402905471 0.475608269734618 0.532653640807388
"58" 25.8470019011197 236.368831628485 7.62807929411437 0.894839307761955 1.26403376086392 0.663069063077654 0.304021388691696 0.429310812271203 1.04857018693817 0.475608258066646 0.532653558694765
"59" 27.4050659231491 276.242666476845 7.89106550746728 0.894897564211712 1.26448937125047 0.663070435509131 0.30402138869483 0.429310814387204 1.04862507693777 0.475608273358934 0.532653675224403
