"T1_0." "T1_10." "T1_20." "T1_30." "T1_40." "T1_50." "T1_60." "T1_70." "T1_80." "T1_90." "T1_100." "T2_0." "T2_10." "T2_20." "T2_30." "T2_40." "T2_50." "T2_60." "T2_70." "T2_80." "T2_90." "T2_100." "T3_0." "T3_10." "T3_20." "T3_30." "T3_40." "T3_50." "T3_60." "T3_70." "T3_80." "T3_90." "T3_100." "T4_0." "T4_10." "T4_20." "T4_30." "T4_40." "T4_50." "T4_60." "T4_70." "T4_80." "T4_90." "T4_100." "target_diphtong" "target_speaker"
"1" 628 706 724 720 721 682 613 565 535 504 333 1376 1373 1374 1378 1420 1476 1507 1587 1679 1713 1592 2621 2580 2533 2498 2505 2522 2516 2491 2503 2462 2408 3586 3422 3391 3379 3365 3360 3405 3412 3388 2938 3561 0 0
"2" 524 567 615 629 653 680 719 694 586 545 470 1250 1218 1217 1231 1260 1279 1355 1420 1493 1511 1502 2436 2493 2512 2503 2477 2493 2434 2402 2363 2300 2283 3500 3502 3519 3525 3551 3577 3074 3204 3147 2998 3020 0 0
"3" 545 616 655 643 650 621 602 527 441 318 227 1159 1223 1294 1328 1418 1515 1566 1656 1752 1767 1666 2437 2413 2422 2427 2444 2467 2478 2508 2535 2531 2554 3389 3407 3435 3537 3627 3555 3364 3412 3662 4014 3766 0 0
"4" 456 529 585 595 594 579 567 521 483 441 394 1359 1351 1288 1179 1099 1063 1035 959 922 882 891 2283 2439 2579 2598 2601 2669 2738 2747 2722 2692 2674 3440 3419 3371 3333 3287 3274 3253 3219 3175 3152 3092 1 0
"5" 357 540 624 638 632 615 583 526 465 354 221 1416 1373 1299 1264 1295 1369 1478 1592 1746 1786 1778 2205 2416 2451 2416 2387 2361 2295 2262 2273 2450 2537 3531 3374 3283 2862 3343 3383 3229 3311 3261 3458 3445 0 0
"6" 580 678 680 643 620 600 636 537 521 365 348 1431 1439 1448 1499 1516 1567 1602 1748 1790 1833 1828 2478 2562 2434 2306 2270 2293 2351 2352 2605 2371 2391 3410 3364 3302 3279 3188 3310 3450 3200 3491 2788 3006 0 0
"7" 560 560 540 541 531 519 506 486 420 387 320 1062 1011 949 908 881 878 905 946 982 1113 1178 2847 2851 2860 2829 2762 2723 2698 2660 2660 2660 2600 3423 3380 3406 3399 3210 3208 3214 3244 3459 3583 3528 1 0
"8" 581 588 588 604 613 593 550 519 516 504 502 1061 1095 1133 1199 1283 1331 1484 1545 1603 1665 1696 2511 2473 2479 2445 2369 2380 2354 2326 2377 2335 2310 3329 3191 3231 3237 3056 3175 3185 3220 3161 3095 3042 2 0
"9" 635 610 611 620 614 570 526 481 413 353 267 1021 1059 1084 1129 1194 1337 1504 1601 1779 1834 1856 2694 2570 2541 2505 2440 2378 2327 2285 2270 2388 2468 3298 3206 3209 3225 3253 3262 3297 3273 3320 3359 3558 2 0
"10" 807 755 727 732 659 564 531 475 400 367 337 1328 1317 1360 1422 1504 1568 1682 1809 1895 1856 1750 2422 2419 2382 2387 2414 2402 2370 2381 2398 2372 2214 3485 3435 3470 3486 3459 3471 3440 3504 3536 3527 3484 0 0
"11" 480 517 539 552 560 560 560 554 535 539 317 999 980 978 972 954 943 937 922 895 893 867 2365 2451 2585 2630 2645 2651 2644 2639 2638 2611 2596 3356 3320 3287 3268 3279 3287 3287 3286 3273 3281 3339 1 0
"12" 497 607 654 680 680 616 554 475 406 421 376 1052 1097 1155 1240 1433 1527 1546 1681 1755 1559 1414 2520 2537 2590 2547 2337 2356 2476 2417 2444 2130 2150 3279 3295 3324 3261 3194 3245 3357 3359 3197 2882 2919 0 0
"13" 433 518 530 547 551 545 530 487 436 407 339 1016 1002 960 993 1041 1134 1254 1378 1507 1528 1387 2139 2869 2825 2678 2569 2457 2374 2268 2247 2187 1958 3034 3360 3243 3134 3058 3029 3037 3006 2857 2781 2613 2 0
"14" 466 557 628 662 671 647 604 564 513 470 441 1477 1516 1510 1539 1561 1572 1602 1717 1728 1693 1665 2518 2484 2453 2469 2474 2476 2511 2492 2429 2388 2338 3487 3396 3413 3382 3325 3389 3461 3474 3509 3562 3580 0 0
"15" 530 631 660 683 689 675 625 562 455 402 308 1295 1341 1328 1319 1352 1424 1553 1701 1797 1795 1630 2509 2606 2621 2541 2502 2485 2492 2469 2431 2449 2283 3351 3677 3736 3115 3315 3299 3323 3304 3272 3422 3412 0 0
"16" 522 630 696 712 701 662 629 559 502 449 406 1137 1144 1190 1237 1298 1363 1499 1653 1798 1941 1920 2477 2505 2532 2487 2426 2346 2337 2336 2326 2349 2350 3286 3312 3264 3102 3134 3219 3398 3329 3184 3150 3416 0 0
"17" 789 701 678 649 575 538 517 478 410 376 305 1494 1463 1503 1583 1633 1722 1808 1855 1864 1839 1806 2289 2242 2242 2253 2262 2250 2281 2318 2356 2346 2302 3309 3387 3405 3371 3295 3038 3006 2786 3584 3599 3611 0 0
"18" 377 482 547 586 615 629 618 574 538 522 490 1265 1297 1296 1317 1373 1395 1418 1487 1539 1547 1527 2642 2638 2603 2501 2498 2492 2508 2531 2535 2533 2519 3653 3507 3516 3480 3474 3452 3460 3460 3420 3385 3291 0 0
"19" 718 722 662 637 575 521 490 464 448 428 293 1297 1223 1145 1090 977 898 823 829 874 982 1094 2495 2584 2719 2755 2809 2909 2864 2620 2390 2779 2628 3538 3550 3535 3562 3359 3393 2918 3170 2897 3385 3523 1 0
"20" 560 582 602 599 597 591 576 540 492 452 423 1059 1052 1041 1032 1028 1028 1013 979 949 904 885 2466 2459 2474 2498 2500 2505 2523 2464 2431 2465 2464 3010 3014 3019 3085 3135 3148 3140 3109 3059 3060 3048 1 0
"21" 516 569 597 608 612 597 579 553 523 445 281 1079 1210 1296 1325 1382 1414 1433 1472 1516 1504 1381 1910 2035 2341 2336 2330 2367 2378 2401 2451 2451 2051 2740 2696 3191 3494 3522 3550 3581 3619 3672 3669 2422 0 0
"22" 373 481 502 504 508 515 511 506 476 449 398 1099 1064 987 950 959 1009 1087 1155 1220 1331 1370 2024 2427 2893 2527 2504 2459 2396 2348 2314 2318 2364 2926 3073 3236 2908 2924 2960 2977 2954 2915 2822 3358 2 0
"23" 444 496 543 568 570 566 558 541 518 466 380 1076 1138 1188 1242 1287 1318 1373 1416 1446 1470 1441 2292 2291 2306 2331 2353 2337 2332 2320 2351 2398 2397 3295 3254 3255 3268 3271 3278 3296 3312 3247 3836 3801 0 0
"24" 555 602 641 672 677 661 628 577 533 496 246 1488 1425 1356 1366 1407 1448 1495 1535 1552 1487 1451 2116 2121 2097 2181 2242 2282 2343 2392 2341 2275 2342 3347 3273 3139 3185 3268 3350 3435 3408 3113 3090 3187 0 0
"25" 474 499 500 498 499 505 496 485 472 443 385 1229 1315 1380 1408 1430 1479 1516 1516 1503 1465 1378 2529 2539 2512 2494 2495 2472 2482 2483 2469 2455 2409 3237 3332 3396 3436 3455 3447 3399 3339 3305 3359 3429 0 0
"26" 440 460 480 481 500 507 583 579 548 496 420 1620 1619 1599 1581 1600 1560 1557 1537 1520 1520 1520 2098 2194 2193 2246 2294 2320 2326 2308 2244 2201 2170 3024 3332 3388 3354 3344 3279 3168 3096 3196 3289 3370 0 0
"27" 534 582 607 623 606 580 543 479 436 437 384 1232 1202 1202 1213 1233 1296 1379 1525 1632 1732 1740 2236 2275 2305 2331 2343 2320 2293 2384 2329 2337 2366 3314 3241 3247 3344 3385 3445 3457 3360 3341 3373 3436 0 0
"28" 468 499 520 539 544 544 539 515 505 502 800 976 993 984 968 948 924 904 903 894 856 1002 2529 2495 2554 2564 2564 2601 2593 2576 2557 2548 2532 3285 3243 3306 3061 2932 3281 3261 3254 3232 3223 3231 1 0
"29" 641 596 601 588 586 583 552 498 462 429 397 1020 1031 1070 1125 1199 1275 1335 1546 1636 1709 1725 2445 2428 2380 2351 2307 2263 2219 2238 2334 2378 2446 3098 3077 3078 3136 3172 3194 3206 3175 3234 3266 3308 2 0
"30" 494 515 527 530 522 510 493 471 443 426 378 976 955 947 944 952 962 974 993 1026 1073 1049 2743 2806 2825 2848 2830 2788 2703 2468 2353 2388 2589 3315 3311 3319 3327 3327 3329 3069 3220 3330 3406 3591 1 0
"31" 526 579 615 663 715 706 686 623 543 495 471 1037 1076 1150 1195 1293 1349 1387 1475 1495 1463 1422 2444 2445 2437 2385 2385 2411 2378 2382 2357 2323 2257 3241 3277 3261 3350 3438 3410 3372 3418 3395 3343 3146 0 0
"32" 417 499 582 634 627 610 593 563 520 467 395 1451 1442 1425 1434 1439 1498 1548 1590 1617 1600 1559 2418 2400 2338 2300 2311 2344 2358 2366 2366 2334 2286 3744 3730 3614 3841 3728 3412 3511 3501 3435 3438 3497 0 0
"33" 448 506 537 549 551 539 519 450 325 162 151 1134 1185 1172 1166 1194 1249 1348 1477 1713 1742 1703 1843 1941 2069 1988 2026 2087 2153 2307 2315 2307 2452 3186 2958 2965 2951 3062 3156 3088 3221 3380 3508 3511 2 0
"34" 500 535 544 549 558 569 563 541 510 475 407 1544 1508 1488 1479 1474 1481 1505 1529 1539 1531 1488 2508 2437 2342 2272 2277 2302 2352 2402 2429 2441 2414 3347 3228 3076 3212 3285 3271 3294 3337 3377 3426 3452 0 0
"35" 480 591 624 627 631 615 596 566 528 477 450 1165 1204 1240 1265 1314 1341 1393 1433 1469 1488 1521 2438 2441 2438 2435 2389 2379 2378 2347 2337 2352 2287 3203 3108 3270 3320 3310 3310 3316 3269 3161 3167 3160 0 0
"36" 443 506 569 589 594 590 585 573 571 531 449 1463 1441 1422 1420 1425 1450 1495 1618 1677 1770 1769 2467 2537 2452 2324 2302 2313 2344 2386 2388 2410 2397 3372 3467 3497 3561 3517 3407 3474 3530 3713 3597 3591 0 0
"37" 599 616 629 633 623 597 544 481 446 435 425 1354 1331 1328 1347 1400 1509 1582 1666 1771 1935 1969 1934 2018 2100 2162 2244 2354 2421 2465 2447 2461 2412 3803 3779 3764 3809 3732 3400 3376 3407 3392 3351 3093 0 0
"38" 685 715 678 658 609 520 481 446 428 410 382 1476 1525 1492 1515 1570 1643 1724 1753 1779 1731 1668 2232 2240 2172 2219 2262 2355 2441 2492 2509 2490 2455 3513 3481 3369 3187 3141 3489 3495 3546 3592 3665 3758 0 0
"39" 510 535 539 541 543 547 544 535 526 503 417 1160 1240 1312 1332 1348 1386 1414 1426 1414 1367 1324 2001 1983 2054 2060 2087 2322 2328 2329 2320 2259 2225 3258 3034 3394 3416 2700 3431 3434 3438 3457 3509 3525 0 0
"40" 500 577 661 687 676 647 594 509 448 422 398 1370 1336 1347 1356 1402 1538 1608 1730 1785 1835 1781 2212 2230 2236 2161 2144 2295 2373 2463 2455 2387 2314 2994 3098 3244 3442 3329 3225 3187 3222 3353 3314 3077 0 0
"41" 501 548 557 556 559 555 546 531 519 469 477 1018 1011 998 975 974 967 963 945 933 909 926 2377 2501 2548 2573 2561 2562 2544 2565 2559 2543 2572 2889 3268 3319 3392 3363 3373 3273 3327 3307 3226 3238 1 0
"42" 562 671 712 704 698 675 619 562 491 453 433 1172 1217 1257 1283 1342 1452 1564 1721 1836 1830 1736 2535 2531 2507 2445 2420 2372 2374 2370 2413 2290 2376 3400 3440 3385 3375 3416 3195 3204 3074 3323 3034 3407 0 0
"43" 478 568 597 639 647 630 604 580 560 498 432 1407 1426 1403 1406 1443 1477 1503 1553 1591 1542 1452 2378 2334 2349 2378 1928 2419 2411 2425 2397 2395 2301 3707 3712 3615 3620 2417 3630 3657 3694 2788 2992 2660 0 0
"44" 465 483 517 532 524 502 468 439 425 422 366 959 969 962 994 1025 1068 1112 1203 1294 1450 1438 2295 2194 2126 2048 2015 2009 2024 2015 2020 2086 2080 3221 3188 3168 3134 3136 3129 3094 2999 2989 3005 3100 2 0
"45" 609 634 655 691 675 630 578 546 466 278 176 1396 1358 1364 1374 1420 1471 1597 1667 1710 1684 1822 2532 2441 2417 2378 2384 2384 2407 2372 2424 2514 2931 3661 3465 3278 3223 3264 3376 3439 3353 3629 3956 3984 0 0
"46" 515 564 591 595 596 582 544 504 476 445 394 1130 1214 1309 1336 1380 1444 1485 1544 1586 1583 1547 2094 2291 2398 2383 2385 2406 2407 2405 2367 2269 2159 3277 3355 3367 3369 3299 3295 3266 3238 3191 3145 3048 0 0
"47" 462 499 522 545 565 573 569 563 530 480 415 1089 1057 1050 1051 1045 1011 971 957 945 938 934 2344 2344 2395 2493 2565 2620 2609 2560 2559 2551 2500 3236 3069 2913 3000 3022 3300 3368 3339 3301 3295 3250 1 0
"48" 529 592 654 700 687 712 684 635 561 462 213 1351 1304 1289 1302 1417 1439 1516 1658 1723 1787 1663 2559 2573 2552 2520 2345 2422 2443 2490 2524 2524 2451 3402 3424 3390 3384 3216 3390 3383 3380 3499 3670 3677 0 0
"49" 458 541 614 657 651 650 614 579 555 532 493 1525 1508 1482 1478 1485 1533 1580 1634 1698 1702 1660 2392 2338 2331 2274 2233 2276 2338 2383 2430 2429 2407 3308 3318 3178 3136 3189 3177 3219 3554 3428 3339 3277 0 0
"50" 539 602 668 693 701 689 625 599 508 424 339 1342 1288 1279 1287 1333 1396 1464 1602 1736 1822 1790 2175 2260 2332 2342 2349 2327 2308 2315 2237 2326 2256 3243 3347 3314 3269 3264 3283 3301 3295 3327 3358 3387 0 0
"51" 656 585 641 683 647 640 557 513 479 457 415 1237 1246 1378 1361 1374 1461 1557 1699 1827 1806 1879 1829 2355 2229 2273 2297 2272 2417 2416 2394 2326 2125 2930 3577 3489 3426 3492 3234 3417 3328 3302 3322 3343 0 0
"52" 680 680 680 679 644 613 567 528 498 487 475 1059 1098 1065 1040 1016 990 916 868 828 815 820 2313 2405 2455 2478 2523 2580 2650 2668 2230 2027 2074 3416 3202 3247 3254 3280 3267 3271 3274 3113 3179 3236 1 0
"53" 506 561 590 609 621 604 585 582 554 502 428 1526 1484 1471 1484 1512 1574 1603 1635 1714 1725 1679 2510 2283 2199 2210 2254 2262 2224 2232 2301 2310 2230 3444 3445 3419 3429 3407 3397 3503 3571 3595 3607 3602 0 0
"54" 679 660 640 614 583 561 546 530 493 449 256 1106 1124 1126 1103 1052 1031 1037 1075 1105 1127 1100 2522 2599 2628 2665 2710 2739 2731 2694 2712 2733 2724 3489 3319 3281 3277 3308 3336 3334 3302 3450 3490 3649 1 0
"55" 539 560 577 607 618 593 552 496 469 422 377 1313 1264 1252 1300 1354 1410 1492 1596 1643 1640 1769 2496 2622 1973 2334 2407 2400 2363 2359 2348 2400 3030 3555 3448 2829 3392 3301 3256 3201 3260 3293 3398 3347 0 0
"56" 553 567 599 628 635 630 595 536 491 411 320 1126 1144 1213 1233 1258 1331 1396 1417 1472 1527 1479 2319 2288 2239 2214 2178 2194 2225 2186 2226 2320 2307 3292 3298 3341 3368 3387 3377 3399 3431 3488 3536 3551 0 0
"57" 561 600 631 649 655 651 645 608 531 466 426 1196 1220 1236 1262 1304 1344 1391 1460 1511 1573 1526 2292 2320 2313 2262 2241 2197 2191 2220 2262 2331 2299 2963 3068 3224 3241 3216 3266 3195 3237 3279 3483 3543 0 0
"58" 491 667 640 636 659 635 620 554 476 446 415 1545 1440 1413 1390 1440 1547 1710 1774 1849 1863 1630 2283 2084 2072 2080 2207 2355 2494 2530 2565 2445 2167 3594 3422 3494 3444 3416 3449 3540 3589 3613 3635 3591 0 0
"59" 462 525 537 560 571 574 574 547 473 381 284 1320 1161 1061 1070 1087 1141 1201 1357 1445 1568 1504 2355 2325 2366 2430 2409 2344 2253 2236 2234 2367 2226 3096 3114 3073 3112 3066 3013 3008 3043 3113 3206 3242 2 0
"60" 542 581 597 619 615 609 557 522 517 487 425 1079 1176 1253 1318 1358 1405 1452 1503 1578 1616 1444 2003 2039 2111 2161 2207 2211 2244 1941 2331 2407 1962 3059 3181 3274 3280 3347 3556 3490 2458 3149 3537 2398 0 0
"61" 501 537 574 616 653 643 613 576 561 550 577 1104 1115 1156 1184 1217 1278 1379 1462 1540 1611 1665 2303 2345 2388 2350 2303 2288 2321 2346 2345 2379 2410 3275 3398 3375 3384 3370 3382 3339 3256 3198 3222 3313 0 0
"62" 749 682 626 600 563 520 439 451 393 309 530 1143 1118 1080 1028 959 892 858 853 958 1007 1089 2416 2459 2502 2527 2538 2523 2505 2527 2570 2600 2130 3355 3350 3347 3278 3198 3100 3096 3243 3149 3414 3431 1 0
"63" 478 514 520 526 535 526 513 502 452 245 530 1039 1039 980 955 955 957 963 929 929 905 991 2453 2530 2535 2539 2540 2555 2567 2589 2597 2685 2322 3366 3310 3276 3244 3247 3232 3222 3226 3216 3226 3156 1 0
"64" 479 546 571 566 557 556 548 531 511 500 453 1105 1203 1266 1299 1351 1423 1457 1489 1561 1578 1567 2040 2023 2060 2121 2218 2294 2364 2426 2445 2396 2295 3386 3228 3277 3439 3432 3449 3463 3461 3474 3519 3557 0 0
"65" 459 494 553 565 562 577 576 561 507 448 316 1355 1308 1326 1256 1207 1175 1124 1062 1029 1034 991 2624 2519 2474 2409 2361 2336 2402 2426 2453 2473 2420 3503 3553 3528 3355 3384 3247 3229 3378 3315 3258 3321 1 0
"66" 569 625 643 664 661 624 604 593 539 553 250 1136 1202 1152 1118 1065 1029 1009 933 988 1071 1015 2373 2447 2418 2461 2511 2558 2545 2504 2459 2515 2661 3474 3494 3444 3397 3375 3338 3292 3245 3278 3392 3618 1 0
"67" 467 532 575 595 606 594 562 518 486 308 207 992 1027 1144 1183 1241 1332 1381 1455 1514 1521 1515 2422 2368 2351 2338 2310 2320 2338 2354 2424 2464 2445 3161 3192 3258 3304 3329 3332 3216 3232 3317 3688 3664 0 0
"68" 476 534 548 577 561 560 541 521 495 470 415 1439 1413 1416 1427 1463 1518 1556 1613 1652 1627 1586 2379 2246 2179 2157 2250 2248 2303 2357 2386 2320 2229 3343 3366 3334 3319 3306 3301 3316 3339 3318 3466 3528 0 0
"69" 512 636 705 726 725 693 639 606 564 484 369 1382 1401 1414 1429 1451 1472 1492 1567 1610 1537 1485 2437 2472 2432 2405 2390 2393 2393 2421 2468 2425 2416 3622 3621 3545 3509 3445 3296 3225 3246 3340 3464 3482 0 0
"70" 522 645 661 662 677 632 589 521 445 419 335 1187 1211 1215 1241 1293 1348 1439 1557 1594 1541 1373 2530 2553 2552 2542 2496 2490 2426 2400 2425 2273 2068 3285 3278 3377 3472 3403 3418 3257 3229 3285 3181 2978 0 0
"71" 531 589 619 621 596 556 507 465 458 378 170 1314 1369 1389 1404 1458 1529 1590 1688 1764 1877 2048 2419 2444 2456 2428 2373 2344 2331 2329 2332 2508 2537 3201 3387 3458 3476 3463 3468 3474 3395 3137 3190 3383 0 0
"72" 542 630 704 705 656 598 512 434 348 307 267 1318 1288 1288 1304 1370 1466 1634 1829 1895 1907 1985 2076 2131 2201 2284 2355 2429 2430 2442 2465 2486 2487 3501 3567 3502 3471 3434 3399 3402 3432 3186 3207 3269 0 0
"73" 450 522 566 566 665 622 629 576 547 486 375 1305 1226 1108 1085 1057 1166 1193 1230 1246 1214 1114 2606 2642 2636 2576 2510 2484 2453 2477 2394 2417 2645 3379 3200 3439 3368 3200 3218 3190 3120 3128 3060 3101 2 0
"74" 647 600 608 604 587 555 524 469 452 417 323 1092 1045 1021 965 895 883 882 899 971 1007 1006 2496 2611 2709 2762 2753 2749 2730 2700 2694 2631 3008 3450 3415 3355 3315 3264 3242 3267 3248 3247 3444 3513 1 0
"75" 685 735 751 746 762 701 617 552 531 504 409 1483 1501 1443 1463 1531 1585 1685 1781 1819 1805 1721 2288 2360 2334 2352 2394 2438 2497 2513 2502 2487 2421 3463 3866 3764 3616 3396 3422 3431 3411 3136 3573 3544 0 0
"76" 484 518 549 570 585 586 585 535 456 409 356 1069 1037 1034 1036 1030 998 957 901 848 819 921 2641 2659 2696 2722 2739 2781 2808 2880 2180 1954 2064 3505 3399 3339 3327 3336 3349 3345 3340 3131 3232 2941 1 0
"77" 438 551 581 596 596 569 525 486 364 169 156 1211 1159 1127 1137 1175 1220 1266 1386 1505 1550 1831 2558 2539 2516 2475 2472 2452 2442 2451 2454 2432 2541 3345 3372 3386 3253 3229 3214 3249 3238 3245 3270 3382 2 0
"78" 632 641 644 633 614 541 466 440 425 450 424 1499 1486 1505 1530 1550 1586 1634 1699 1760 1798 1799 2272 2246 2246 2250 2250 2282 2339 2385 2418 2449 2422 3394 3417 3339 3262 3371 3394 3422 3483 3523 3571 3707 0 0
"79" 466 520 566 598 611 590 566 537 484 454 364 1100 1078 1067 1069 1026 992 1022 1046 1006 1045 1090 2299 2410 2582 2621 2632 2612 2613 2593 2552 2510 2999 3357 3017 3346 3358 3349 3385 3369 3326 3308 3330 3472 1 0
"80" 642 611 604 582 546 525 509 473 425 383 272 1095 1056 1031 984 934 935 927 927 964 1010 1113 2502 2513 2512 2564 2553 2584 2548 2491 2426 2398 2156 3458 3360 3295 3258 3225 3266 3197 3076 2931 2726 3281 1 0
"81" 484 545 597 671 692 648 583 523 444 293 246 1396 1306 1245 1279 1332 1400 1500 1613 1758 1943 1970 2539 2604 2338 2317 2302 2286 2276 2270 2179 2185 2265 3526 3509 3406 3220 3189 3254 3412 3424 3465 3560 3750 0 0
"82" 487 540 572 573 559 557 559 537 509 450 410 1374 1394 1396 1401 1452 1524 1617 1685 1758 1779 1674 2470 2379 2251 2324 2345 2377 2407 2432 2456 2438 2257 3580 3525 3478 3453 3443 3443 3484 3531 3531 3523 3527 0 0
"83" 707 719 707 718 708 696 643 623 579 507 419 1188 1263 1269 1293 1332 1364 1428 1526 1635 1685 1616 2567 2556 2544 2488 2475 2478 2488 2505 2433 2401 2413 3243 3217 3230 3258 3286 3291 3283 3259 2915 2896 2965 0 0
"84" 460 468 480 488 510 505 496 479 456 434 422 1016 1035 1077 1099 1136 1192 1248 1311 1353 1401 1414 2538 2491 2476 2449 2394 2366 2338 2328 2319 2323 2351 3278 3335 3291 3251 3165 3101 3091 3173 3242 3343 3314 2 0
"85" 579 662 679 675 666 631 542 501 392 279 215 1341 1349 1350 1357 1378 1436 1577 1746 1785 2052 2054 2432 2467 2455 2437 2466 2449 2422 2443 2403 2475 2673 3339 3560 3532 3492 3432 3428 3364 3303 3356 3369 3446 0 0
"86" 606 721 770 773 699 594 480 352 327 305 227 1160 1208 1291 1375 1444 1662 1860 2101 2113 2042 1843 2467 2452 2494 2463 2478 2505 2462 2442 2559 2456 2279 3415 3444 3625 3560 3503 3512 3312 3364 3318 3292 3360 0 0
"87" 452 565 594 605 615 612 603 567 483 438 326 1135 1116 1110 1104 1139 1184 1225 1260 1317 1329 1122 2461 2575 2605 2571 2495 2447 2417 2371 2358 2339 2225 2999 3275 3261 3284 3258 3254 3223 3203 3116 3145 3335 2 0
"88" 656 686 698 682 655 642 635 613 560 443 331 1103 1131 1148 1130 1102 1086 1078 1049 1034 1018 997 2524 2525 2538 2516 2496 2475 2442 2416 2396 2384 2352 3337 3351 3318 3246 3251 3246 3154 3129 3107 3119 3170 1 0
"89" 508 576 622 648 658 643 610 554 495 451 404 1328 1321 1305 1335 1383 1416 1453 1482 1521 1555 1483 2673 2609 2445 2435 2419 2396 2402 2415 2454 2468 2363 3637 3612 3508 3530 3545 3537 3540 3547 3493 3484 3640 0 0
"90" 493 543 552 583 601 589 557 532 485 441 409 1231 1209 1176 1132 1070 1021 969 902 825 778 708 2403 2373 2437 2503 2511 2566 2637 2616 2499 1942 1920 3331 3189 3150 3341 3417 3355 3257 3145 3214 3251 3263 1 0
"91" 504 558 609 640 613 581 527 499 484 467 408 1160 1120 1118 1189 1251 1351 1407 1484 1498 1469 1384 2387 2444 2460 2403 2372 2351 2341 2326 2283 2218 2136 3369 3192 3282 3240 3257 3260 3275 3261 3231 3127 3028 0 0
"92" 540 571 602 607 612 587 551 514 486 457 429 1371 1383 1396 1416 1429 1458 1526 1568 1591 1584 1531 2453 2380 2344 2332 2362 2367 2373 2362 2334 2291 2207 3786 3587 3485 3474 3430 3413 3415 3427 3400 3379 3362 0 0
"93" 550 656 648 570 481 445 386 359 354 363 377 1057 1128 1078 1008 864 672 598 626 782 949 1094 2510 2505 2508 2630 2795 1882 1898 2217 2457 2367 2346 3287 3354 3293 3209 3095 2898 2894 3031 3031 3079 3187 1 0
"94" 596 865 929 890 869 680 620 553 415 300 244 1569 1586 1474 1609 2068 2009 2345 2337 2243 2193 1921 2971 3009 3091 3042 3101 3040 3072 3018 3029 3037 3068 4310 4066 4010 4029 4101 4062 4082 4061 4089 4166 4261 0 1
"95" 485 576 799 466 422 556 536 496 456 394 251 1344 1355 1470 1645 1637 1883 2003 2100 2153 2020 1674 2915 3121 3016 2908 2954 2962 2901 2902 2861 2761 2607 3739 4042 4211 4071 4266 4145 4044 4009 3974 3896 3552 0 1
"96" 366 607 660 640 640 643 569 510 406 311 244 1260 1473 1552 1679 1785 1932 2177 2247 2180 2003 1995 2903 2944 2955 3019 3020 3000 2960 2940 3038 3079 3157 3921 4049 4048 4322 4147 4336 4254 4158 4384 4417 4597 0 1
"97" 475 498 471 479 489 478 433 378 362 355 323 1547 1426 1366 1275 1177 1095 1017 1035 1022 974 857 3186 3127 3025 2893 2864 2874 2962 2829 2884 2898 2695 4062 4118 4230 3526 3683 3675 3691 3635 3782 4159 4065 1 1
"98" 720 700 736 546 636 492 491 423 399 347 304 1580 1580 1590 1696 1841 1907 2085 2209 2256 2226 2166 2912 2863 2896 2898 2950 2912 2911 2867 2853 2915 2910 4118 4009 4012 4049 4075 4103 3984 3973 3937 4072 4166 0 1
"99" 565 695 793 710 736 567 617 587 554 417 344 1868 1758 1708 1683 1749 1881 2019 2120 2221 2279 2209 2929 3010 3084 3096 3005 3109 3074 3041 3005 3125 3061 4155 4206 4218 4249 4204 4273 4267 4240 4208 4335 4393 0 1
"100" 340 440 455 454 483 377 326 313 325 301 240 1518 1365 1195 1104 1160 1039 1065 1084 1139 1322 1567 2927 2963 2914 2915 2977 2930 3059 3008 2999 3048 3280 3786 4074 3952 3899 3980 3911 3960 3919 3995 4151 4606 1 1
"101" 271 370 454 479 486 445 418 388 343 392 467 1271 987 1096 1266 1488 1673 1996 2182 2242 2184 2120 2685 2762 2869 2771 2660 2761 2726 2756 2759 2757 2772 3705 3654 3702 3630 3558 3731 3850 3866 3879 3930 3881 2 1
"102" 306 371 411 425 439 444 450 476 471 333 276 1089 1081 1100 1140 1316 1381 1655 2229 2192 2324 2322 2821 2897 2904 2745 2752 2728 2712 2763 2965 2940 3223 4017 3957 3930 3924 3887 3933 3958 3932 3965 4118 3988 2 1
"103" 641 885 807 697 510 374 337 308 288 274 254 1701 1840 1882 1979 2089 2246 2285 2441 2359 2568 2430 2936 2945 2998 2982 2988 2984 3028 3082 3074 3115 3159 4034 3956 4021 4032 4070 4065 4083 4069 4190 4273 4118 0 1
"104" 642 794 813 785 701 719 641 536 466 364 276 1352 1416 1429 1415 1376 1342 1244 1199 1160 975 979 3229 3097 3075 2973 2964 2962 2927 2989 2959 2948 3045 4715 4109 3954 4009 3999 3932 4018 4248 4035 3910 3903 1 1
"105" 600 673 767 772 725 675 463 452 394 381 356 1420 1505 1590 1732 1881 2014 2290 2555 2700 2347 2060 2886 3115 2951 2934 2879 2788 2906 3082 3079 2804 2820 3927 3965 3799 3906 3988 4084 4189 4087 4267 4206 4135 0 1
"106" 406 398 398 385 395 385 373 362 340 315 262 1369 1187 1108 1046 1123 1176 1198 1512 1372 1307 1087 2963 3161 3396 3199 3161 2729 2729 2726 2660 2542 2426 4168 4392 4606 4359 4627 3555 3602 3753 3735 3626 3763 2 1
"107" 492 614 584 369 318 330 333 344 346 312 281 1710 1746 1747 1745 1759 1912 2157 2144 2258 2147 2100 3069 3080 3048 3075 3022 2999 3004 3024 3038 3056 3192 4181 4149 4165 4066 3915 4292 4097 3925 3993 4159 4269 0 1
"108" 625 781 773 864 760 682 603 555 548 480 326 1577 1624 1622 1687 1694 1775 1884 2095 2152 2138 1936 3146 2869 2849 2811 2830 2846 2859 2907 2997 3009 2698 4152 4036 3958 3828 3895 3930 4031 4121 4090 4114 4323 0 1
"109" 395 699 858 820 741 563 490 402 322 273 256 1360 1479 1509 1618 1780 1892 2089 2258 2272 2254 2104 2941 2900 3148 3233 3077 3071 3114 3162 3335 3268 3267 3824 4189 4060 4204 3883 3965 3984 4046 4099 4016 4283 0 1
"110" 580 645 700 740 740 740 740 740 678 456 320 1840 1970 2160 2295 2420 2534 2526 2438 2487 2354 2221 3080 2969 2973 2907 3164 3067 3123 3017 3036 3068 3071 4113 4156 4167 4051 4054 4047 4056 4024 4066 4144 4202 0 1
"111" 332 517 633 811 900 920 940 940 940 927 920 1469 1500 1700 1715 1740 1809 1881 1958 2004 1985 1980 3015 3094 3083 3091 3089 3104 3001 3152 3101 3100 3115 4068 4048 4141 4142 4095 4035 4273 4323 4073 4092 4151 0 1
"112" 395 597 518 459 419 417 410 403 393 342 190 1278 1253 1185 1064 985 956 982 1129 1303 1496 1813 2722 2867 2849 2822 2791 2892 2832 2815 2797 2920 3148 3805 3899 3854 3743 3699 3752 3700 3785 3836 4049 4479 1 1
"113" 400 440 440 480 512 470 419 391 360 397 395 940 976 999 997 1010 954 891 878 774 730 680 3917 2793 2847 2816 2907 2912 2866 2900 2940 2897 3745 4940 3844 3993 4021 4012 3958 3882 3875 3981 3934 4897 1 1
"114" 560 665 770 840 870 852 742 640 434 367 295 1280 1365 1461 1584 1703 1800 1928 2036 2121 2140 2140 2443 3533 3268 3016 2968 2889 2884 2930 2898 2836 2653 3518 4658 3711 3781 4042 4249 3946 3995 3998 3991 4040 0 1
"115" 391 483 493 478 463 472 476 462 389 327 312 1323 1243 1196 1120 1103 1162 1281 1462 1601 1802 1951 2975 3023 3029 2668 2643 2820 2770 2695 2575 2529 2494 4060 4396 4603 3143 3142 3307 3384 3524 3606 3664 3717 2 1
"116" 498 636 676 696 700 649 612 490 373 364 339 1166 1318 1376 1377 1797 2111 2110 2137 2216 2208 2114 2932 2938 2902 3183 2891 2970 3341 3203 3059 3097 3156 3976 3956 4085 4158 4180 4214 4042 4091 4183 4192 4272 0 1
"117" 522 619 799 821 749 684 621 575 461 418 321 1360 1326 1425 1662 1865 1963 2125 2180 2180 2080 1895 3069 3078 3018 2818 2847 2849 2841 2892 2841 2956 2808 3915 3870 3989 4079 4081 4124 4125 4303 4131 4082 4086 0 1
"118" 900 900 890 880 861 860 831 786 780 780 780 1280 1394 1528 1662 1836 1987 2088 2153 2197 2260 2260 3032 3192 3191 3430 3337 3109 3112 2968 2961 2999 3152 3714 3826 3897 3840 3971 3947 3962 3988 4000 4018 4123 0 1
"119" 1060 1031 982 887 769 715 561 462 429 382 324 1620 1717 1832 1946 2030 2104 2185 2240 2300 2265 2335 2774 2805 2874 2748 2965 2972 2991 3136 3241 3372 3276 3826 3986 3994 3975 3945 3964 4190 4091 4104 4007 4016 0 1
"120" 500 602 705 716 622 458 335 271 269 247 433 1240 1190 1215 1651 1918 2154 2365 2465 2554 2295 2038 3024 2877 2888 2894 2904 2911 2947 2932 2934 2950 2910 3785 3807 3986 4132 4136 4002 4041 4058 4041 4048 3983 0 1
"121" 410 511 796 880 870 459 438 458 473 339 249 1248 1175 1194 1379 1376 1003 941 999 946 800 912 3086 3065 3044 2998 3026 2841 2831 2955 3187 3037 3375 3899 3722 3885 3945 3970 4017 3911 3944 3962 3895 3972 1 1
"122" 317 429 494 485 508 476 492 492 475 386 278 1053 1028 1062 1095 1372 1806 2143 2147 2218 2212 2644 2973 2992 2854 2711 2703 2720 2779 2838 2901 3001 2950 4023 3975 3955 3920 3902 3955 4039 3955 4062 4095 4113 2 1
"123" 568 616 594 575 565 532 487 475 450 355 275 1293 1231 1187 1121 1106 1129 1145 1207 1235 1141 1759 2922 2909 2778 2759 2823 2896 2910 2940 2995 2939 3560 3787 3697 3327 3578 3719 3710 3706 3748 3972 4074 4162 1 1
"124" 700 729 760 807 820 720 666 574 489 312 251 1220 1150 1120 1120 1289 1574 1864 2139 2233 2324 2360 2787 2806 2856 2920 2877 2956 2998 2885 2961 2751 2676 3734 3595 3683 3552 3751 4075 4047 3995 4131 3972 3840 0 1
"125" 538 626 693 711 718 671 564 573 538 410 265 1757 1680 1680 1594 1905 1923 1939 1959 1983 2010 1956 2985 2979 2961 2987 2963 3200 3234 3092 3058 3184 3271 4087 4094 4058 4075 4100 3996 4039 4049 4140 4089 4129 0 1
"126" 388 448 441 508 552 543 477 364 346 278 240 1411 1350 1246 1197 1211 1521 1894 2133 2398 2460 2460 2889 2852 2878 2793 2819 3646 3408 3671 2738 3427 2943 3287 3775 3830 3675 3858 4579 4472 4630 3923 4377 4026 2 1
"127" 532 719 802 803 740 634 619 569 549 447 291 1666 1693 1783 1822 1807 1862 2108 2225 2276 2240 2110 3025 3104 3071 3102 3128 3160 3173 3168 3123 3047 3060 4101 4016 4044 4186 4036 3965 4101 3925 3975 4074 4139 0 1
"128" 592 749 852 746 707 608 522 498 410 298 226 1700 1858 1978 2114 2253 2371 2480 2407 2193 1997 1920 3067 2836 2883 2787 2874 2868 2880 2944 2866 2966 2838 4263 4135 4078 4129 4225 4315 3999 4028 4214 4015 3915 0 1
"129" 430 601 728 787 777 748 686 626 576 370 323 1519 1576 1676 1826 1863 1989 2034 2153 2180 2170 2093 2750 2990 2942 2924 2981 2960 2913 3035 3126 3663 3681 4038 3969 3927 4029 3924 3992 3949 3935 4022 4081 4088 0 1
"130" 548 610 787 850 773 767 714 618 555 302 257 1288 1262 1355 1462 1742 1939 2069 2190 2197 2149 1798 3042 3052 3088 3273 3301 3064 3092 3077 2970 2858 2787 3972 3994 3974 3926 4130 3991 4017 4051 4018 3900 3734 0 1
"131" 420 715 877 880 862 840 691 526 464 489 356 1460 1498 1598 1717 1834 1956 2169 2292 2358 2381 2216 2963 3080 3028 3347 3027 2981 2905 2942 2961 2963 3086 3983 3945 4007 4003 3905 3939 4094 4113 4157 4091 4131 0 1
"132" 292 780 840 868 806 738 644 632 582 505 311 1071 1175 1399 1559 1800 2115 2481 2339 2376 2286 2079 2271 3329 3381 3488 3014 3107 3494 3554 3226 3066 3026 3440 3684 3960 3827 4028 3958 3974 4000 4060 4093 4152 0 1
"133" 535 965 1000 946 810 753 644 511 485 468 390 1400 1538 1756 1827 2006 2061 2163 2277 2434 2461 2435 3129 3003 2767 2911 3117 3185 3242 3191 3128 3058 3296 3933 3975 3960 3988 4084 4158 4311 4218 4407 4274 4463 0 1
"134" 501 614 668 696 660 650 619 577 529 444 271 1132 1180 1167 1182 1140 1159 1153 1074 975 919 826 3034 2999 2977 2933 2866 3149 3046 3029 3048 3063 3332 3933 3981 4087 4254 4106 4044 4062 4007 3856 3840 3908 1 1
"135" 627 748 805 887 840 736 679 584 539 510 457 1316 1297 1288 1428 1691 1943 2113 2211 2267 2239 2363 2908 2949 2928 2915 2853 2845 2873 2834 2893 2895 3481 3907 3974 3977 4045 4039 4062 4090 4045 4251 4276 4364 0 1
"136" 579 698 830 828 822 793 726 650 640 564 306 1612 1423 1792 1982 1993 2019 2082 2112 2212 2222 2152 3022 2992 2994 2916 3107 3178 3235 3110 3194 3325 3469 4075 4084 4097 3964 3945 4024 3925 4013 4066 4114 4166 0 1
"137" 405 467 579 500 528 474 406 359 310 281 275 976 980 1088 1171 1350 1512 1674 1952 2120 2048 2070 2933 2725 3593 2662 2690 2337 2687 2816 2821 2869 3097 3745 3671 4932 3641 3737 3908 4052 3685 3701 3767 4004 2 1
"138" 780 907 980 980 980 901 666 557 466 373 274 1760 1789 1858 1927 1996 2117 2194 2220 2220 2220 2200 3074 3014 2914 2782 2822 2886 2910 2891 3109 3156 3018 4356 4089 3999 3885 3809 3866 4108 4306 4071 4105 4045 0 1
"139" 508 597 511 613 493 412 377 369 362 352 336 1302 1464 1171 2010 2138 2198 2232 2227 2229 2210 2187 2891 2884 2901 2874 2908 2904 3184 3262 3313 3225 3327 3846 3865 3971 3974 4054 3988 3970 3938 3997 4037 4061 0 1
"140" 520 589 698 700 683 640 573 501 363 320 320 1180 1180 1160 1160 1120 1060 1040 1040 1040 1040 1040 3133 3045 3081 3001 2974 2950 2969 3016 3064 3220 3441 3701 3531 3945 4053 4043 4022 4080 3974 3926 3908 3858 1 1
"141" 614 706 815 740 648 666 622 479 461 451 283 1353 1265 1259 1713 1789 2045 2134 2205 2260 2303 2156 3228 3105 2983 3095 3036 3072 3238 2918 3129 3237 3277 4786 3702 4021 4011 4038 4026 4191 4114 4139 4196 4138 0 1
"142" 501 684 808 868 853 659 465 499 501 467 288 1646 1555 1998 1830 1764 1902 1969 2157 2212 2203 2092 3005 2954 2936 2958 3016 3215 3042 3110 3194 3328 3150 4132 3986 4075 4029 3906 3896 4056 3982 3953 4022 4101 0 1
"143" 605 735 836 882 717 611 538 427 460 429 294 1271 1447 1594 1781 2002 2183 2260 2307 2376 2323 2200 3097 3115 3004 3227 3000 3106 3077 3033 3043 3251 3436 3853 3888 3868 4422 4030 4093 4059 4307 4194 4319 4159 0 1
"144" 950 871 812 618 385 368 375 362 354 340 320 1558 1533 1563 1619 1925 2144 2167 2281 2265 2216 2162 3154 3133 3158 3022 2998 2967 2976 3060 3061 3102 3125 3904 3892 3861 3912 3949 3951 3932 4026 4079 4081 4102 0 1
"145" 500 520 520 500 480 468 370 338 327 341 353 1460 1321 1183 1020 1037 973 925 875 872 962 1063 2749 2780 2887 2884 2925 2894 2942 2621 2922 2896 2727 3906 3978 3957 3958 4106 3755 3781 3691 3719 3718 3725 1 1
"146" 482 623 726 816 835 792 739 698 645 421 329 1592 1540 1631 1749 2000 2149 2234 2356 2423 2348 2147 2999 2996 3011 3027 3061 3082 3061 3054 3072 3093 3028 4085 4030 3983 3982 4273 4230 4152 3941 3961 4177 4189 0 1
"147" 600 680 680 600 527 476 482 466 421 327 280 1235 1050 1185 1178 1049 1011 1041 1018 908 1278 1648 3086 3079 3007 2997 2997 3029 2961 2943 2824 2966 3560 3898 3969 3909 3900 3953 3961 3947 3938 3710 4175 4559 1 1
"148" 1020 940 880 741 645 549 424 406 359 314 253 1520 1440 1518 1618 1858 2000 2221 2239 2241 2125 2025 3029 3373 3012 2979 2909 2876 2870 2896 2913 2979 3138 3854 3984 3796 3955 3987 4015 4075 4071 4147 4204 4252 0 1
"149" 589 699 753 924 902 866 750 680 618 537 471 1300 1383 1438 1547 1668 1865 2014 2142 2264 2327 2400 2747 2964 2899 2878 2894 2878 2923 2911 2967 3022 3013 3983 3885 3886 4171 4016 3970 3917 4019 3972 4062 4243 0 1
"150" 815 847 882 913 888 758 703 630 549 402 333 1372 1551 1664 1867 2004 2120 2126 2216 2229 2234 2193 3026 2956 2873 2816 2794 2887 2998 2962 2978 3046 3722 3880 3930 3888 3911 4059 4135 4078 4107 4125 4165 4338 0 1
"151" 560 717 817 891 856 794 748 662 442 339 287 1660 1755 1820 1990 2080 2270 2218 2258 2279 2293 2128 2870 2730 2977 2955 2994 2958 2973 3026 3033 3026 2964 3898 3856 4008 3886 3901 3964 4088 4135 4097 4129 4122 0 1
"152" 431 509 521 493 506 635 600 474 461 352 322 1461 1250 1134 1165 1313 1625 1790 1859 2155 2100 2080 2956 2777 2762 2859 2771 2690 2707 2503 3314 2920 3157 3791 3654 3760 3870 3862 3813 3827 3833 4438 3941 3709 2 1
"153" 563 810 860 859 816 773 733 697 675 627 442 1038 1270 1590 1680 1930 2220 2243 2102 2114 2026 2152 2993 3061 3072 3053 3023 3021 3050 3099 3091 3021 3217 3678 3870 3987 4010 3933 4031 4076 4043 4023 4092 4126 0 1
"154" 515 688 739 867 748 697 537 422 403 274 220 1260 1305 1360 1505 1780 2041 2145 2259 2510 2362 2252 3073 3044 2946 2737 2879 2861 2970 3068 2992 3128 3059 3901 3883 3939 3998 4263 4189 4100 4090 4221 4284 4228 0 1
"155" 539 621 611 526 457 416 397 380 399 323 509 995 1138 1141 1082 1028 999 1025 1132 1377 1544 1914 2740 2784 2706 2742 2778 2651 2692 2613 2677 2739 2954 3959 3915 3846 3821 3742 3713 3762 3727 3797 3903 3817 1 1
"156" 560 711 758 747 696 598 600 560 436 345 271 1191 1237 1238 1214 1165 1067 1121 1118 882 847 945 3084 3035 2983 2942 2973 2928 3039 3130 3096 3034 3290 3813 3867 3948 4127 4155 4091 4006 4036 3999 3849 3922 1 1
"157" 776 867 893 884 841 773 725 670 595 468 381 1259 1471 1601 1668 2016 2086 2120 2177 2168 2190 2158 3066 3194 3080 2941 2882 2963 3031 3137 3067 3041 3127 3850 3801 3853 3857 3887 4016 4067 4050 4071 4057 4119 0 1
"158" 638 801 709 601 533 508 410 375 356 328 296 1389 1352 1271 1146 1066 1026 826 807 833 897 1291 2798 2764 2793 2841 2856 2953 2873 2898 2915 2734 2648 3995 3905 3995 3975 4033 3978 3935 4004 4042 3875 3629 1 1
"159" 715 772 666 648 546 478 418 409 423 391 288 1291 1270 1155 1124 1002 1006 1002 1096 1180 1203 1785 3107 3031 3036 3105 3145 3256 3006 2962 2923 2956 3083 4055 4047 4027 4065 3970 3965 4019 3992 3911 3933 4254 1 1
"160" 478 813 948 1000 906 723 513 485 488 348 305 1300 1393 1467 1540 1774 2116 2174 2268 2305 2293 2112 2886 2970 2888 2803 2798 2930 2938 3208 3117 3085 3189 3755 3766 3592 3622 3968 4139 4094 4156 4228 4440 4529 0 1
"161" 776 848 825 761 583 476 382 365 376 299 254 1960 2065 2165 2220 2220 2220 2291 2321 2262 2247 2247 2953 2941 2932 3081 3010 3065 3071 3135 3157 3267 3319 3998 3994 3999 3987 3988 4047 4099 4059 4064 4097 4190 0 1
"162" 687 846 876 902 884 842 729 648 512 459 425 2001 1772 1755 1562 1569 1885 2107 2221 2390 2246 2330 2914 2909 2937 2934 2902 2994 3000 3209 3379 3156 3084 4175 4191 4327 4066 3989 4054 4034 4047 4112 4223 4274 0 1
"163" 663 742 777 809 796 693 615 545 449 410 337 1560 1420 1457 1490 1595 1743 1956 2110 2215 2041 1688 2782 2819 2886 2833 2750 2787 2879 2890 2640 2715 2556 4202 4185 4065 4080 4007 4008 4005 4018 3989 3909 3722 0 1
"164" 631 798 864 852 803 706 565 480 313 314 299 1700 1801 1882 1944 2000 2046 2088 2297 2439 2568 2598 3066 2864 2808 2888 2861 2938 3004 3077 3045 3184 3227 4158 4055 3728 4364 4158 4248 4008 4161 4210 4143 4107 0 1
"165" 670 738 688 904 897 751 657 516 476 320 281 1380 1450 1530 1711 1821 1936 2054 2389 2581 2534 2390 2983 3048 2876 2909 2773 2841 2911 2926 3018 3110 3503 3737 3810 3677 3846 3958 3962 4053 4080 4231 4323 4289 0 1
"166" 567 586 542 581 659 588 488 428 415 435 419 1096 1120 1161 1280 1361 1532 1683 1872 2015 1814 1601 2970 3008 3053 2935 2856 2791 2735 3545 2755 2824 3035 3927 3983 3990 4003 4023 4024 4032 4314 4071 4043 3983 2 1
"167" 480 580 580 561 494 494 454 413 367 339 313 1242 1262 1160 1116 1010 1028 1035 1066 1050 1168 1236 2791 2953 2907 2946 2883 2933 3244 2987 2967 3005 3124 3959 3944 3932 3825 3760 3851 3816 3763 3688 4029 4445 1 1
"168" 740 914 956 906 878 840 811 628 455 382 280 1440 1577 1660 1609 1698 1866 2148 2253 2342 2280 2037 2801 3111 3085 3329 3213 3049 3028 3077 3058 3094 3113 3901 3985 3886 3977 3910 3908 3966 4017 4055 4144 4230 0 1
"169" 659 777 825 855 786 675 435 330 302 267 244 1258 1271 1284 1130 1105 1078 967 901 863 754 761 2971 3470 3250 3218 3169 3273 3260 3331 3586 2541 2618 3635 4842 3753 3793 3750 3807 3848 3849 3676 3585 3294 1 1
"170" 425 518 514 513 534 554 497 396 352 282 252 1336 1218 1126 1097 1160 1431 1661 1933 2158 2300 2360 2770 3567 2786 2897 2902 2807 2668 2632 3180 2730 2880 3571 3893 3624 3749 3757 3826 3815 3820 4227 4014 3813 2 1
"171" 830 892 924 894 867 771 704 660 565 387 294 1564 1592 1634 1724 1912 2070 2171 2335 2392 2270 2212 2920 2973 3033 3032 2939 2939 2922 2991 2977 2949 2951 3910 3848 3931 4005 4019 3982 3992 4010 4091 4081 4109 0 1
"172" 588 691 707 661 553 516 433 434 418 375 335 1283 1230 1242 1154 1078 1050 906 980 1183 1392 1526 2950 3047 2970 2920 2910 2952 2868 2981 2971 3092 3184 3793 3859 3866 3930 3935 4005 3923 3835 4061 4248 4484 1 1
"173" 828 802 668 565 511 440 418 420 425 408 340 1383 1321 1139 1109 1085 903 895 916 1079 1165 1753 2947 2917 3026 3073 3218 3024 3008 3018 2833 2596 3398 3961 3878 3895 3914 4648 3931 3875 3896 3642 3745 4221 1 1
"174" 449 607 732 806 878 840 726 639 539 413 315 1681 1560 1587 1397 1778 1990 2096 2121 2200 2429 1936 3135 2996 2980 2932 2891 2881 2891 2846 2912 2804 2672 4015 4022 4021 4076 4102 4086 4097 4122 4176 4308 4279 0 1
"175" 517 677 753 795 830 798 765 721 653 565 373 1648 1680 1695 1845 1937 2016 2147 2200 2249 2202 2152 2988 2987 2944 2916 2922 2992 3014 3026 3027 3067 3104 4141 4010 3905 3974 3959 4048 3991 3988 4027 4055 4132 0 1
"176" 931 1012 930 850 814 807 763 698 422 329 283 1593 1667 1704 1804 1950 2121 2175 2249 2411 2340 2268 3071 3033 3139 3173 3080 3053 3019 3102 3057 3132 3104 3868 3892 3960 4004 4025 4020 4076 4041 4108 4127 4135 0 1
"177" 250 339 439 492 500 489 387 348 354 369 309 917 1032 1094 1217 1171 1348 1720 1900 2062 2084 2099 2559 2878 2899 2800 2706 2689 2611 2584 3191 3221 3635 3592 3445 3664 3597 3753 4061 3970 3919 3926 4058 4191 2 1
"178" 551 837 849 893 892 831 675 507 489 395 293 1458 1870 1918 1970 1942 1979 2062 2236 2314 2554 2749 2884 2854 2826 3053 2951 2947 2946 2947 3084 3240 3100 4175 4069 4045 4063 3906 4021 4146 4099 3979 4189 4146 0 1
"179" 636 748 831 856 820 708 630 544 466 439 411 1260 1370 1581 1831 1979 2056 2170 2300 2358 2326 2204 2798 2820 2645 2903 2868 2804 2853 2887 2993 3325 3089 3762 3917 3835 3930 3983 4019 4077 4108 4087 4170 4196 0 1
"180" 464 542 527 490 488 512 498 479 460 410 338 1502 1409 1252 1057 1009 1215 1279 1312 1643 1751 1719 2846 2689 2816 2848 2743 2696 2702 2630 2615 2595 2658 3660 4002 3993 3928 3840 3978 4166 3999 4019 3936 3930 2 1
"181" 744 740 728 708 703 597 575 477 386 303 296 1328 1307 1262 1257 1174 1001 1023 988 965 1111 1528 2924 2932 2935 2938 2993 2975 3001 2992 3038 2783 2971 4128 4103 4105 4109 4190 4116 4106 4098 4132 3878 3771 1 1
"182" 522 631 724 832 914 873 782 710 635 467 282 1561 1693 1661 1671 1736 2026 2207 2305 2322 2272 2191 2909 3015 3002 2997 2982 2939 2951 2958 2973 3004 3043 4032 4000 3979 3974 3959 3924 3920 3970 3985 4083 4177 0 1
"183" 536 694 656 663 695 545 462 465 464 409 361 1267 1294 1185 1121 1228 1127 1033 995 972 925 986 3071 3057 2936 2850 2853 2861 2848 2800 2921 2911 2868 3825 3881 3958 3934 3939 3916 3761 3708 3836 3742 3808 1 1
"184" 555 672 723 843 817 745 638 554 496 429 353 1364 1243 1249 1712 1879 2059 2150 2240 2222 2134 1743 3071 2999 2883 2833 2853 2828 2885 2938 2903 2838 2735 4028 3839 3511 4041 4155 4143 4131 4251 4191 4073 4195 0 1
"185" 514 646 718 884 903 894 837 748 657 527 372 1638 1691 1490 1791 2105 2293 2193 2264 2302 2264 2164 3067 2996 3027 3003 2954 2896 2976 2935 2929 2979 3068 4160 4000 4040 4058 3981 3966 4012 3978 3969 3991 4039 0 1
"186" 300 872 640 558 544 451 409 411 419 440 343 1009 1159 1156 1113 1148 1040 970 938 1008 1294 1584 2820 3242 3334 3107 3123 2897 3289 3489 3094 2794 2687 3877 3919 3944 3956 3891 3835 3884 3845 3821 3892 3498 1 1
